 <pre>

 Contingency table for Cloud base (m)
 Selection: ALL    636 stations
Period: 20170810-20170815
Used {00,06,12,18} + 03 06 ... 48
 Limits    70.0000000       150.000000       300.000000       600.000000       1000.00000       1500.00000       2500.00000       5000.00000    
 Each class is data <= limit, the very last > last limit
 Total number of values       90788
                                                       OBSERVATION
                                    393      159      196       82       65       22       32       37       14 |      1000
                                    174      363      459      175      103       40       33       21        4 |      1372
                                    203      678     1331      638      336      140      123       65        9 |      3523
                                    202      513     2020     2440     1265      542      377      254       68 |      7681
                 cy43_ref2.5km      174      304     1356     2405     3205     1386      708      575      175 |     10288
                                    166      197      821     1524     2629     2979     1514      836      165 |     10831
                                    219      181      691     1381     2253     2307     3985     1889      549 |     13455
                                     58       98      382      811     1461      968     1240     2595      181 |      7794
                                    606      313     1247     3087     6874     6032     5914     7610     3161 |     34844

                    SUM            2195     2806     8503    12543    18191    14416    13926    13882     4326 |     90788
                                                       OBSERVATION
                                    266      122      185       70       50        8       10        9        0 |       720
                                    160      347      443      153      105       31       20       23        2 |      1284
                                    222      661     1299      604      335      139      106       38        9 |      3413
                                    209      529     2012     2339     1241      523      372      259       61 |      7545
                 cy46_ref2.5km      165      289     1333     2444     3096     1377      703      581      157 |     10145
                                    193      220      935     1591     2583     2886     1554      799      150 |     10911
                                    198      187      646     1396     2297     2278     3898     1931      538 |     13369
                                     64      114      386      822     1488      991     1280     2695      200 |      8040
                                    718      337     1264     3124     6996     6183     5983     7547     3209 |     35361

                    SUM            2195     2806     8503    12543    18191    14416    13926    13882     4326 |     90788

