 <pre>

 Contingency table for Low clouds (octas)
 Selection: ALL    637 stations
Period: 20170810-20170815
Used {00,06,12,18} + 01 02 ... 48
 Limits    1.00000000       2.00000000       3.00000000       4.00000000       5.00000000       6.00000000       7.00000000    
 Each class is data <= limit, the very last > last limit
 Total number of values      402835
                                              OBSERVATION
                                 157850    12141     9124     5563     5989     4496     6757     6075 |    207995
                                   9742     1787     1785     1213     1274     1027     1665     1443 |     19936
                                   7260     1447     1463      972     1120      815     1484     1254 |     15815
                 cy43_ref2.5km     6357     1409     1534     1029     1146      881     1459     1188 |     15003
                                   5593     1380     1455     1023     1114      858     1607     1193 |     14223
                                   5187     1446     1447     1005     1223      955     1856     1431 |     14550
                                   6116     1663     1882     1350     1558     1333     2888     2220 |     19010
                                  14521     6682     7955     6231     7920     7247    22604    23143 |     96303

                    SUM          212626    27955    26645    18386    21344    17612    40320    37947 |    402835
                                              OBSERVATION
                                 159070    12339     9334     5798     6208     4683     6982     6459 |    210873
                                   9505     1814     1774     1141     1258     1000     1676     1426 |     19594
                                   7054     1408     1378     1018     1126      812     1507     1179 |     15482
                 cy46_ref2.5km     6344     1347     1444     1007     1097      865     1487     1145 |     14736
                                   5546     1326     1406      951     1113      868     1644     1223 |     14077
                                   5136     1352     1454      997     1164      940     1839     1455 |     14337
                                   5936     1663     1799     1267     1557     1271     2838     2185 |     18516
                                  14035     6706     8056     6207     7821     7173    22347    22875 |     95220

                    SUM          212626    27955    26645    18386    21344    17612    40320    37947 |    402835

