 <pre>

 Contingency table for Cloud cover (octas)
 Selection: ALL    629 stations
Period: 20170810-20170815
Used {00,06,12,18} + 01 02 ... 48
 Limits   0.500000000       1.50000000       2.50000000       3.50000000       4.50000000       5.50000000       6.50000000       7.50000000    
 Each class is data <= limit, the very last > last limit
 Total number of values      418392
                                                       OBSERVATION
                                  49652     8438     6489     4397     2393     3167     3068     3661     3318 |     84583
                                  10238     3320     2381     2259     1424     1854     1862     2881     2327 |     28546
                                   5627     2097     1471     1470     1044     1421     1442     2308     2015 |     18895
                                   4756     1881     1305     1412      960     1391     1381     2345     1974 |     17405
                 cy43_ref2.5km     4640     1963     1244     1586     1001     1472     1445     2566     2281 |     18198
                                   4406     1940     1268     1566     1055     1554     1589     3021     2690 |     19089
                                   4938     2215     1334     1753     1200     1729     1816     3936     3583 |     22504
                                   6356     2994     1637     2311     1564     2450     2690     6304     6113 |     32419
                                  12208     7503     4308     6576     4642     9071    10518    46070    75857 |    176753

                    SUM          102821    32351    21437    23330    15283    24109    25811    73092   100158 |    418392
                                                       OBSERVATION
                                  49026     8315     6436     4432     2369     3112     3125     3597     3460 |     83872
                                   8811     3043     2165     2001     1297     1745     1677     2558     2196 |     25493
                                   4764     1856     1337     1357      870     1285     1274     2052     1723 |     16518
                                   4043     1627     1162     1207      866     1211     1186     2016     1753 |     15071
                 cy46_ref2.5km     3845     1715     1069     1249      888     1208     1189     2191     1854 |     15208
                                   3737     1789     1156     1350      967     1377     1339     2586     2296 |     16597
                                   4657     1916     1304     1633     1036     1666     1741     3321     3168 |     20442
                                   7175     2892     1698     2264     1541     2348     2633     5828     5816 |     32195
                                  16763     9198     5110     7837     5449    10157    11647    48943    77892 |    192996

                    SUM          102821    32351    21437    23330    15283    24109    25811    73092   100158 |    418392

